1. -10.0
2. -8.5
3. -2.5
4. -1.5
5. 0.0
6. -0.5
7. 0.0
8. 0.0
9. 0.0
10. 0.0
11. 0.0
12. -0.5
13. 0.0
14. 0.0
15. -1.0
16. -1.0
17. 0.0
18. 0.0
19. 0.0
20. 0.0
21. -0.75
22. -0.5
23. 0.0
24. 0.5
25. 0.5
26. 0.5
27. 1.5
28. 0.75
29. 0.0
30. 0.0
31. 0.0
32. 0.0
33. 0.0
34. 0.0
35. -0.25
36. -0.25
37. 0.0
38. 0.0
39. 0.0
40. -0.5
41. 0.0
42. 0.0
43. 3.0
44. 0.0
45. 1.0
46. 3.0
47. 0.5
48. 1.0
49. 0.0
50. 0.0
51. 0.0
52. -0.5
53. -1.5
54. -4.5
55. -1.0
56. -1.5
57. 0.0
58. -1.0
59. 0.0
60. -0.25
61. -0.25
62. 0.0
63. 0.0
64. 0.0
65. 0.0
66. 0.0
67. 0.75
68. 0.5
69. 0.0
70. 1.0
71. 0.0
72. 0.5
73. 0.75
74. 0.25
75. 0.0
76. 0.0
77. 0.0
78. 0.0
79. -0.25
80. -0.5
81. -0.5
82. -0.5
83. -0.75
84. -1.5
85. 0.0
86. -0.5
87. -0.5
88. -0.5
89. -0.5
90. -0.75
91. 0.0
92. -0.25
93. -0.25
94. -0.5
95. -0.75
96. 0.0
97. 0.0
98. 0.0
99. 0.0
100. 0.5
101. 0.5
102. 0.75
103. 0.75
104. 0.0
105. 0.0
106. 0.0
107. -1.0
108. -1.5
109. -1.0
110. -1.0
111. -0.5
112. 0.0
113. 0.0
114. 0.0
115. 0.0
116. 0.0
117. 0.75
118. 0.75
119. 0.5
120. 0.0
121. 0.0
122. 0.0
123. 0.5
124. 0.5
125. 0.25
126. 0.25
127. 0.25
128. -0.5
129. -0.5
130. -0.5
131. -0.5
132. -0.75
133. -0.75
134. -0.5
135. -0.5
136. -0.75
137. 0.0
138. 0.0
139. 0.0
140. 0.0
141. 0.25
142. 0.5
143. 0.5
144. 0.5
145. 0.5
146. 0.5
147. 0.5
148. 0.25
149. 0.25
150. 0.0
151. 0.0
152. 0.0
153. 0.25
154. 0.5
155. 0.5
156. 0.5
157. 0.5
158. 0.5
159. 0.5
160. 0.0
161. 0.0
162. 0.0
163. 0.0
164. 0.0
165. 0.0
166. 0.0
167. 0.0
168. 0.0
169. -0.25
170. -0.25
171. -0.75
172. -0.75
173. -1.0
174. -1.0
175. -1.0
176. -1.0
177. -0.75
178. -0.5
179. -0.25
180. -0.25
181. 0.0
182. 0.0
183. 0.0
184. 0.0
185. 0.0
186. 0.0
187. 0.0
188. 0.0
189. 0.0
190. 0.0
191. -0.5
192. -0.5
193. -0.5
