1. 5737715.0
2. 707525.0
3. 13061122.0
4. 148943.0
5. 4779261.0
6. 70842105.0
7. 2810858.0
8. 23188515.0
9. 847064.0
10. 58447242.0
11. 1435343.0
12. 13791395.0
13. 3866501.0
14. 62219917.0
15. 108562537.0
16. 343053.0
17. 133733340.0
18. 1717493.0
19. 1356030.0
20. 52917681.0
21. 6302723.0
22. 18050635.0
23. 31016643.0
24. 447416.0
25. 268270.0
26. 3006377.0
27. 80372.0
28. 58782519.0
29. 3700992.0
30. 10755240.0
31. 2069794.0
32. 99055657.0
33. 316581.0
34. 215832.0
35. 150988.0
36. 9599156.0
37. 30900714.0
38. 3382072.0
39. 7525385.0
40. 97951993.0
41. 6865.0
42. 4946346.0
43. 435158.0
44. 440313.0
45. 23603.0
46. 14515723.0
47. 21485419.0
48. 8060635.0
49. 2674552.0
50. 60333956.0
51. 918044.0
52. 38615676.0
53. 2094095.0
54. 406167.0
55. 246132.0
56. 95826639.0
57. 48539656.0
58. 37539141.0
59. 29697972.0
60. 6746135.0
61. 64450540.0
62. 8395048.0
63. 2285837.0
64. 623257.0
65. 16324363.0
66. 662075.0
67. 425427.0
68. 211532310.0
69. 58702699.0
70. 8287687.0
71. 139357.0
72. 272953.0
73. 8793454.0
74. 41013038.0
75. 7817721.0
76. 1912085.0
77. 761718.0
78. 53467566.0
79. 1474420.0
80. 5402296.0
81. 96844.0
82. 17031270.0
83. 2210106.0
84. 229805376.0
85. 29697972.0
86. 29697972.0
87. 13331456.0
88. 15490638.0
89. 965295.0
90. 51237206.0
91. 67304.0
92. 21550170.0
93. 389129.0
94. 1474915.0
95. 7851948.0
96. 881995.0
97. 219976.0
98. 9359907.0
99. 1022491.0
100. 27241079.0
101. 1307685.0
102. 4575352.0
103. 44713597.0
104. 533069.0
105. 41794655.0
106. 1890858.0
107. 2396379.0
108. 114870623.0
109. 928028.0
110. 5298274.0
111. 4328309.0
112. 1689897.0
113. 3824382.0
114. 310625.0
115. 9152719.0
116. 1539724.0
117. 142768393.0
118. 160109651.0
119. 4477002.0
120. 43121613.0
121. 921205.0
122. 41090.0
123. 33923946.0
124. 67642514.0
125. 4324105.0
126. 8034252.0
127. 219339.0
128. 76052990.0
129. 15729057.0
130. 10850588.0
131. 10895813.0
132. 786193.0
133. 20044361.0
134. 7377222.0
135. 1219963.0
136. 17063136.0
137. 864752.0
138. 34920758.0
139. 1245679.0
140. 8094496.0
141. 5575034.0
142. 848890.0
143. 62556849.0
144. 38905879.0
145. 826356.0
146. 93348.0
147. 4474991.0
148. 118371460.0
149. 175072.0
150. 16177842.0
151. 123958545.0
152. 34693485.0
153. 2834510.0
154. 663652.0
155. 13481855.0
156. 147970975.0
157. 1356911.0
158. 8027490.0
159. 106033242.0
160. 1357484.0
161. 1031132.0
162. 39367071.0
163. 431980.0
164. 622137.0
165. 3027219.0
166. 13589498.0
167. 7554362.0
168. 3087020.0
169. 2058515.0
170. 142051.0
171. 103747.0
172. 74643.0
173. 24334596.0
174. 9754724.0
175. 23770436.0
176. 12712014.0
177. 31801098.0
178. 778012.0
179. 4171361.0
180. 1636884.0
181. 998637.0
182. 4673365.0
183. 15202508.0
184. 79522544.0
185. 3329636.0
186. 5321940.0
187. 2256347.0
188. 152802.0
189. 1396519.0
190. 3674661.0
191. 7354693.0
192. 27253924.0
193. 15253601.0
194. 127301501.0
195. 50929.0
196. 1555734.0
197. 32720.0
198. 25618187.0
199. 16136299.0
200. 254135.0
201. 59812.0
202. 406276.0
203. 203966.0
204. 124310.0
205. 1056508.0
206. 99115409.0
207. 6260264.0
208. 67524352.0
209. 11393660.0
210. 4780424.0
211. 3941598.0
212. 5551991.0
213. 5408341.0
214. 14905661.0
215. 13044566.0
216. 4742630.0
217. 310741.0
218. 145264173.0
219. 6551134.0
220. 824185.0
221. 11656534.0
222. 1753890.0
223. 2975536.0
224. 1082428.0
225. 2637171.0
226. 470352.0
227. 2654598.0
228. 535727.0
229. 34059.0
230. 2681321.0
231. 104319341.0
232. 106583.0
233. 36696841.0
234. 1648869.0
235. 11105264.0
236. 16859776.0
237. 90149326.0
238. 24786517.0
239. 76051328.0
240. 51113.0
241. 2909180.0
242. 11279620.0
243. 159621.0
244. 21752121.0
245. 5312604.0
246. 700325.0
247. 19075184.0
248. 114241884.0
249. 26909017.0
250. 6978602.0
251. 121180542.0
252. 12176484.0
253. 2370262.0
254. 16115394.0
255. 1373214.0
256. 35310294.0
257. 127623629.0
258. 32381624.0
259. 378499.0
260. 4641921.0
261. 9901251.0
262. 91116.0
263. 10116158.0
264. 109544.0
265. 109544.0
266. 26610330.0
267. 2853435.0
268. 39536.0
269. 1147871.0
270. 3497584.0
271. 5342878.0
272. 13434151.0
273. 2958846.0
274. 1853678.0
275. 2259778.0
276. 31000978.0
277. 1051450.0
278. 609078.0
279. 9035376.0
280. 11234375.0
281. 33672588.0
282. 20788329.0
283. 150889.0
284. 173441.0
285. 50000375.0
286. 926456.0
287. 8025208.0
288. 8357079.0
289. 752552.0
290. 29534.0
291. 1223689.0
292. 30591420.0
293. 2084962.0
294. 95452279.0
295. 34572441.0
296. 14732794.0
297. 101708.0
298. 6889403.0
299. 11174447.0
300. 70357013.0
301. 1009761.0
302. 2157452.0
303. 986935.0
304. 55968.0
305. 2210992.0
306. 6293426.0
307. 3564192.0
308. 88860740.0
309. 331306.0
310. 292137.0
311. 12921853.0
312. 0.0
313. 2178256.0
314. 4997417.0
315. 184475124.0
316. 618655.0
317. 604313.0
318. 90343234.0
319. 6671365.0
320. 14800227.0
321. 63908613.0
322. 8674343.0
323. 2301644.0
324. 17069994.0
325. 91768614.0
326. 15739416.0
327. 9683527.0
328. 1475721.0
329. 132498663.0
330. 411876.0
331. 804802.0
332. 72684514.0
333. 17318492.0
334. 6698437.0
335. 22513696.0
336. 2463005.0
337. 10074520.0
338. 1678207.0
339. 81996.0
340. 1475679.0
341. 2713.0
342. 1524175.0
343. 6805089.0
344. 8555626.0
345. 945786.0
346. 1557391.0
347. 19999409.0
348. 23027787.0
349. 9948566.0
350. 545489.0
351. 8720217.0
352. 1765477.0
353. 1779.0
354. 921849.0
355. 9429810.0
356. 176002467.0
357. 885968.0
358. 73325665.0
359. 146925521.0
360. 3752396.0
361. 5840812.0
362. 8529668.0
363. 8737886.0
364. 28830557.0
365. 2371066.0
366. 104929910.0
367. 694959.0
368. 1575818.0
369. 2383609.0
370. 19143868.0
371. 7787933.0
372. 2489934.0
373. 34685872.0
374. 3025251.0
375. 13536884.0
376. 3187704.0
377. 85998546.0
378. 1512336.0
379. 19776287.0
380. 45137382.0
381. 7915574.0
382. 904611.0
383. 3491219.0
384. 107780.0
385. 2144064.0
386. 2148813.0
387. 97726583.0
388. 567167.0
389. 118080219.0
390. 3489029.0
391. 27544368.0
392. 356104.0
393. 58179.0
394. 20711977.0
395. 3613994.0
396. 24711388.0
397. 8515488.0
398. 8292122.0
399. 2573439.0
400. 605595.0
401. 5859344.0
402. 33426.0
403. 5859344.0
404. 117525386.0
405. 83824232.0
406. 1142822.0
407. 1133638.0
408. 24596115.0
409. 578233.0
410. 4887400.0
411. 6499047.0
412. 15219546.0
413. 9425851.0
414. 3441341.0
415. 72991.0
416. 41358739.0
417. 35102664.0
418. 20273191.0
419. 125180347.0
420. 1239522.0
421. 112343.0
422. 474982.0
423. 2703059.0
424. 286574.0
425. 2524110.0
426. 183506500.0
427. 111049564.0
428. 1490191.0
429. 1633139.0
430. 23896391.0
431. 406447.0
432. 521437.0
433. 137284286.0
434. 10492060.0
435. 4424860.0
436. 188841787.0
437. 5193347.0
438. 7801578.0
439. 236114.0
440. 1914533.0
441. 5894007.0
442. 277117.0
443. 139044.0
444. 169664850.0
445. 26139531.0
446. 525600.0
447. 7224884.0
448. 830083.0
449. 4989853.0
450. 4273435.0
451. 2389002.0
452. 1106218.0
453. 118323024.0
454. 1378263.0
455. 139488.0
456. 153567.0
457. 71039409.0
458. 5723267.0
459. 3300125.0
460. 1619483.0
461. 9045718.0
462. 94487711.0
463. 76978.0
464. 140950935.0
465. 6072324.0
466. 2963623.0
467. 57516328.0
468. 45138.0
469. 2564230.0
470. 87774.0
471. 3667742.0
472. 1779088.0
473. 2922938.0
474. 1032966.0
475. 244304.0
476. 4610908.0
477. 21691432.0
478. 130876872.0
479. 1593592.0
480. 794787.0
481. 8165.0
482. 25134.0
483. 5578308.0
484. 98767215.0
485. 2393866.0
486. 80566099.0
487. 15216645.0
488. 4927940.0
489. 30701473.0
490. 3851.0
491. 97560903.0
492. 20968655.0
493. 10034053.0
494. 1895857.0
495. 22861723.0
496. 61311025.0
497. 41943862.0
498. 1635023.0
499. 82296135.0
500. 29175440.0
501. 21467560.0
502. 46959300.0
503. 5712165.0
504. 16528380.0
505. 166689.0
506. 5887079.0
507. 371596.0
508. 2633596.0
509. 5096959.0
510. 6327077.0
511. 144195.0
512. 2876389.0
513. 18148717.0
514. 7055042.0
515. 1917308.0
516. 13278.0
517. 14554523.0
518. 337354.0
519. 38400230.0
520. 751572.0
521. 465077.0
522. 6233701.0
523. 123169.0
524. 19558608.0
525. 196479.0
526. 915447.0
527. 129511219.0
528. 3507432.0
529. 3398368.0
530. 21951983.0
531. 768069.0
532. 1632065.0
533. 7066786.0
534. 4477824.0
535. 1173622.0
536. 19913663.0
537. 56345419.0
538. 21306112.0
539. 491149.0
540. 899866.0
541. 2475038.0
542. 66983498.0
543. 1255773.0
544. 124005752.0
545. 16190917.0
546. 61833.0
547. 1253491.0
548. 13012839.0
549. 20986357.0
550. 103747934.0
551. 24895310.0
552. 11086600.0
553. 3480925.0
554. 21231383.0
555. 4472439.0
556. 133396.0
557. 813301.0
558. 9432870.0
559. 86924419.0
560. 3319263.0
561. 6257071.0
562. 357117.0
563. 2848003.0
564. 2903212.0
565. 3873061.0
566. 12114417.0
567. 2905954.0
568. 2017765.0
569. 57109.0
570. 3711225.0
571. 28033633.0
572. 15987590.0
573. 3004410.0
574. 106388097.0
575. 61258050.0
576. 5146119.0
577. 361934.0
578. 92744193.0
579. 59298846.0
580. 13327021.0
581. 35954674.0
582. 406716.0
583. 380903.0
584. 18435173.0
585. 27289457.0
586. 832806.0
587. 306751.0
588. 161159.0
589. 6350359.0
590. 21236422.0
591. 156416.0
592. 19718566.0
593. 2610568.0
594. 167769514.0
595. 37365427.0
596. 45044974.0
597. 19818330.0
598. 1535563.0
599. 8844127.0
600. 124404043.0
601. 7252789.0
602. 66866.0
603. 177512.0
604. 4755293.0
605. 123160240.0
606. 146789.0
607. 1746842.0
608. 6159011.0
609. 8625256.0
610. 74749321.0
611. 11247074.0
612. 3543619.0
613. 241763.0
614. 38861291.0
615. 203143.0
616. 9404633.0
617. 7092585.0
618. 13172059.0
619. 2212847.0
620. 177108.0
621. 236754.0
622. 7028518.0
623. 2615776.0
624. 2798798.0
625. 2654738.0
626. 15586.0
627. 22006.0
628. 44281315.0
629. 858071.0
630. 5110442.0
631. 2585621.0
632. 3529261.0
633. 1101212.0
634. 1101212.0
635. 5400069.0
636. 159281836.0
637. 20796079.0
638. 1821688.0
639. 242583.0
640. 164989.0
641. 24949236.0
642. 14965226.0
643. 29960107.0
644. 91618851.0
645. 3961564.0
646. 3145919.0
647. 6739252.0
648. 38942270.0
649. 34736638.0
650. 79815.0
651. 2242302.0
652. 32263.0
653. 2216235.0
654. 46788290.0
655. 2374793.0
656. 10914921.0
657. 4092023.0
658. 14563768.0
659. 1740216.0
660. 60747980.0
661. 1215879.0
662. 300380.0
663. 1096554.0
664. 22066668.0
665. 6297478.0
666. 10772697.0
667. 130661.0
668. 6604649.0
669. 106920700.0
670. 26721447.0
671. 18254738.0
672. 24388.0
673. 10986536.0
674. 248029670.0
675. 28784.0
676. 67685161.0
677. 92032886.0
678. 6754454.0
679. 175575479.0
680. 111932538.0
681. 3084638.0
682. 2887726.0
683. 63865817.0
684. 112670797.0
685. 56024883.0
686. 14839391.0
687. 45786.0
688. 19734.0
689. 27983501.0
690. 4533583.0
691. 974744.0
692. 188274992.0
693. 9101975.0
694. 909449.0
695. 6531589.0
696. 65792.0
697. 27340884.0
698. 29803687.0
699. 21066853.0
700. 717827.0
701. 404865.0
702. 280873.0
703. 8582920.0
704. 20888045.0
705. 3648408.0
706. 18504836.0
707. 13479176.0
708. 7627919.0
709. 6291038.0
710. 47955467.0
711. 5105728.0
712. 94528648.0
713. 19940122.0
714. 2686107.0
715. 1838021.0
716. 7490595.0
717. 12995169.0
718. 207017.0
719. 399427.0
720. 36388785.0
721. 6480118.0
722. 5003957.0
723. 30054.0
724. 3584104.0
725. 7299096.0
726. 49214.0
727. 10634741.0
728. 114222292.0
729. 825029.0
730. 3752938.0
731. 8199032.0
732. 15446069.0
733. 25140362.0
734. 104744996.0
735. 755991.0
736. 2592039.0
737. 1501221.0
738. 8063837.0
739. 10490.0
740. 1286458.0
741. 74174.0
